1637320
1942280
1321440
2218750
2212330
1109570
1713810
1388770
1444480
71000
1507970
1369320
1404850
846030
1677770
1354830
1779200
1191840
2124780
1145340
1762010
726840
1709900
1813430
498310
2007530
2498570
1350250
1595290
1392650
1707650
1249480
1204220
1885690
2339040
1887010
1525190
951670
1712390
672860
975150
1599860
1638500
1768780
2159650
1076120
1630290
1762550
1189230
1878070
330420
2276930
1039280
1713610
591000
2070550
1907000
1476340
2083840
1786010
1595280
1103100
771420
1964820
1969080
1573390
1548940
1966070
2094580
866400
2316660
2128270
1569520
1443470
1364130
1707220
2070390
948220
1423780
1079790
2010450
1432680
1962560
1742930
2458940
2191080
1865440
838990
1005870
1748390
1260130
2056560
1370040
1216230
1566090
2009380
1576970
1822640
1865060
466800
2076850
2192270
1283130
2065000
2143950
805920
1921130
2027970
976030
2282480
2086910
1236070
388490
1452210
1960330
1889320
1983000
1872040
1646790
1637140
2117930
1105470
1187030
1861880
2471100
1817000
1273620
1932210
1779560
1603420
1847390
1661920
1435470
824090
1863080
1847510
1961250
567780
2286450
1632770
940920
563750
454190
1878570
2498090
1895970
1734230
1673940
1575510
1664580
2005660
1610350
1725640
1299540
1532360
2177620
1797630
1232330
1765700
1733060
1003860
2074000
2349830
2435180
1412030
740310
1489300
1360940
1989560
1871470
1972710
2238440
1626460
1729900
1916960
467090
840110
1436680
1401840
1946140
513720
1695620
1835440
1814710
2089710
2368860
1383720
2084930
1045680
992860
2437890
2069260
2192170
2497210
2422540
2113490
2095060
1482430
1132120
2167870
2107710
1327390
2148170
1581940
1473820
1963670
1002440
1892570
1923790
1073770
1395270
579230
1729250
1510800
2004220
863230
1746560
2067590
2483150
1659180
1579300
2082510
1440350
1662910
1941740
1969850
1301410
1395420
2315700
2451820
1520330
1419150
2150700
2107820
787980
1574820
2082560
1566360
1062540
2189470
1706170
1030410
1718240
1226610
913820
2362120
1960890
802920
2287790
2354830
2324070
1677360
1824080
1655890
1989150
1848350
1346850
1912460
1667400
2114790
1985350
1829910
1040310
1610610
1170750
1960400
1441670
1880250
2167770
2126400
2283470
1194480
2076810
1457490
2008990
1637950
1836850
1869510
2088360
1814170
2341410
2159470
1003190
850740
1956400
1031790
1434880
1372680
1960950
343690
1978750
1165860
2210670
1760640
700920
2227150
618990
1771200
1950820
1325870
1137270
473540
666090
1535240
901000
1143740
2098820
2343160
2320130
1452360
1877000
1360130
2471780
1466170
2311360
1698000
1344800
1757950
1508980
1769470
1731730
1619820
1819520
1454550
1814950
1612950
1254770
2103710
1576490
1409180
1132070
1378870
2346890
1730020
1492610
1834000
1552760
2099150
1432760
2379470
581840
2251540
1932590
1646090
1622610
1985360
1316060
1505270
1278090
652340
2320570
2255140
1359160
2410820
2186780
2091300
1692280
2066680
1347880
1204080
861960
1920700
2027810
1472010
2405830
1715040
2205160
1676330
1855070
1789670
712880
1967110
1705130
2007000
1373170
717710
2003750
1290960
1380150
1334300
835450
1768810
1423420
818620
2185860
1527710
2149560
1677520
2281230
1599130
1237570
1079630
1289480
1035220
2225430
1569240
2267370
1891430
1710290
1397000
552180
2279060
1953020
1543290
1264360
803930
1754770
1411770
590660
1452110
716070
2163760
1909040
1536740
1431150
2325040
2118110
1848860
1683680
1577140
1467390
1007870
1202570
2059600
1845050
1457840
1408070
1370970
906450
1526920
1983520
1993830
1915800
1888200
1412500
1169420
980440
695560
2376990
1637570
1358830
1269540
881470
2065990
1882590
1862710
1714430
1012450
980160
2449680
1549980
1516350
1300390
1061550
1888520
1775470
2458700
2380490
2269380
2138460
2127160
1814540
1725470
1413790
1126440
2258300
2219240
873830
1788760
1741300
1282610
892840
1567050
1566560
517960
2416770
2118570
1860870
679100
1892210
1778490
731820
1834120
1728640
1678100
1068800
941640
2264470
1910890
1824830
1249150
1058570
2453570
2065530
1950920
1638930
701680
2191270
2136620
2121370
2108210
1966940
1641020
1111310
755340
734450
2413840
2278300
1910230
1744450
2517860
2213600
1964590
2131430
1688270
2484540
2283670
2146320
1625760
1011870
2256260
2068820
1746660
1527090
1251470
2101440
1877970
1721240
1413890
1373630
1342500
2434720
2228350
1588620
2291980
2257790
1869200
1785460
1678980
1646710
1218850
928660
2527140
2346540
1819290
1805720
1726180
1330940
845940
2119100
1984150
1977770
1918260
1703650
1641600
1509150
1128160
924870
2334480
2281700
2087390
1786100
1699500
1444390
2418380
1973840
1752430
1572970
1464400
1381360
1196550
2542800
2243150
2208000
1951750
1923730
1909080
1823100
1798170
1538480
1419090
1397710
2379650
2354730
2112500
1701400
1616580
941400
2351200
2199830
2114390
2077170
2073010
2058420
2005790
1778850
1604160
1445650
1349390
1339650
982100
2126590
1339030
1182680
2329390
2314610
2135190
1992480
1878190
1709290
1599930
1568570
1950830
1923380
1909450
1873300
1595090
1536690
1515750
1479760
1383730
1303760
1214460
1205370
2269170
2095150
1642600
1573760
1519250
1518680
1227130
2276580
2225340
2156380
2050200
2021040
1937170
1855590
1780960
1704130
1679880
1656310
1565500
1405480
1186960
1081550
2153420
1997550
1815350
1763060
1724410
1604700
1436490
1389030
1315250
1254200
789210
2435710
2419120
2378150
2330090
2222830
2158850
2083360
1917460
1886700
1576770
1554510
1392520
2310840
2158050
2154000
2128410
2003150
1821060
1797140
1710990
1601520
1599540
1561390
1515920
1398820
1311140
1248730
857210
799340
2461010
1967920
1750810
1623640
1384840
1193420
2417240
2329490
2145320
1909560
1780380
1666090
1633490
1505220
1501800
1437210
1407870
845700
660760
2307610
2082900
2070030
1946490
1927370
1807320
1802500
1737600
1694380
1693380
1634130
1531200
1375000
1266390
2432770
2279370
2253780
2099060
2080880
1958890
1706150
1599390
1542930
1516530
1508230
1376470
1104910
2324730
2303360
2117170
2079280
2011190
1828710
1661760
1612500
1477440
1463350
2091880
1769160
1750280
1589480
1481660
1376520
961190
2403900
2253080
2131620
1950240
1942580
1918340
1858580
1646000
1606730
1591410
1577680
1538040
1517610
1508440
1370710
1301380
1296810
1072280
1012140
2410850
2404890
2347950
2208330
2162970
2072040
1864090
1654620
1551660
1384480
1061360
965050
956910
769600
2345890
2335190
2234440
2176200
2054330
2011750
2010740
1934350
1829250
1808920
1599110
1583180
1552020
1446410
1095400
806790
2300950
2244770
2199820
2186970
2183340
1896630
1678510
1625650
1466140
1404030
1403270
1298600
1288090
1009020
874560
2313260
2225500
2154700
2134360
2133300
2074140
1991590
1902350
1883230
1713770
1610530
1608820
1550800
1488110
1424380
1057150
2556730
2471690
2434300
2332050
2304350
2265870
2261410
2138930
1943020
1862100
1846740
1790870
1742620
1559340
1552790
1540190
1527960
1447160
2379880
2166480
2077210
2062800
2062750
1940100
1888480
1860260
1837400
1783490
1545690
1482540
1452600
1009880
864190
2500700
2465530
2221230
2195900
2194910
2162510
2093650
1874630
1854190
1852300
1838860
1821690
1792860
1635480
1555900
1421350
1058480
960070
2541150
2462380
2444370
2435840
2319560
2219910
2072520
1926820
1594610
1545380
1291710
897110
2274990
2262230
2069540
1105870
1026190
1010690
2490090
2323730
2209030
2011110
1993940
1872250
2495950
2448380
2164740
2482800
2326410
1739440
1392470
2502420
2274360
1958900
1748790
1613520
2546410
2477940
2416580
2399340
2369710
2351250
2307650
2226670
2200920
2055230
2051900
1980670
1924240
1917520
1741500
1717900
1699810
1624310
1181500
2611360
2604950
2585100
2579500
2557030
2555870
2481180
2475030
2443950
2389850
2366170
2328170
2293120
2289340
2279200
2276900
2197880
2151440
2076960
2069400
1942430
1906060
1900570
1880110
1829660
1819200
1720550
1716550
1703560
840280
2615050
2613860
2605400
2604590
2604360
2602360
2591830
2588810
2581420
2574320
2573340
2572880
2572240
2571770
2557690
2557530
2554000
2544190
2540770
2534040
2507600
2506570
2493260
2493150
2484840
2481800
2481730
2480760
2474410
2472720
2472540
2472450
2471050
2469860
2469770
2468690
2461210
2460850
2460440
2456900
2456380
2454690
2449740
2449200
2447220
2445240
2445000
2444490
2444170
2442900
2441750
2431970
2423630
2422980
2422500
2422440
2419160
2413830
2410270
2407540
2406720
2402120
2400400
2399280
2399090
2396310
2394700
2380900
2380580
2378260
2377050
2368410
2366870
2366610
2366160
2363170
2359680
2354140
2353780
2346130
2344910
2342600
2340060
2335150
2328080
2318620
2312320
2307800
2306690
2304910
2303860
2301090
2298490
2298420
2296100
2292450
2291990
2290220
2289990
2284330
2284070
2281920
2278840
2270800
2269390
2268910
2265300
2258390
2258270
2246750
2246630
2241530
2239380
2235170
2230010
2228510
2227530
2227390
2225310
2223670
2222720
2219920
2205180
2202080
2199320
2198720
2196660
2195840
2177960
2176980
2175010
2167940
2165010
2164990
2163720
2162930
2161480
2160210
2159100
2158520
2156420
2154910
2152160
2141840
2138620
2137930
2137310
2136010
2132340
2129300
2129120
2126520
2121750
2118410
2114850
2111120
2107140
2106990
2106310
2104590
2103060
2103040
2101700
2100660
2096010
2095780
2092370
2089960
2086110
2085170
2078440
2066120
2065320
2053480
2051860
2051810
2051230
2027900
2027880
2026190
2024900
2023570
2023560
2022940
2022340
2021650
2021450
2020370
2019530
2019490
2018690
2017710
2013810
2007600
2001390
2000080
1999640
1984500
1982890
1979770
1979010
1977790
1976580
1976370
1968960
1968310
1965810
1964730
1957950
1956450
1949430
1943150
1923440
1921430
1906010
1904070
1903890
1902070
1900800
1900060
1899530
1897850
1890980
1889460
1888250
1886900
1881580
1870450
1869970
1865190
1857240
1853910
1846560
1843990
1841510
1838870
1813350
1804210
1800270
1794550
1781400
1777890
1777030
1772980
1770340
1768110
1768060
1767720
1767280
1763390
1763130
1763070
1758190
1756470
1752590
1752140
1752010
1749490
1740210
1739460
1739450
1737420
1737210
1733040
1720910
1717830
1715320
1713600
1706350
1702860
1700260
1698620
1698410
1695700
1684810
1678610
1678010
1671750
1667520
1667350
1666740
1666490
1664290
1662900
1661040
1660050
1654650
1654580
1653440
1652590
1650980
1647810
1645210
1637900
1637890
1637620
1635230
1620430
1605620
1593480
1587080
1582860
1582110
1579350
1570460
1566530
1544880
1544870
1542830
1541740
1541500
1539630
1534360
1533540
1525110
1517620
1512770
1497690
1491610
1475720
1470440
1447270
1444340
1443580
1439870
1439770
1436140
1429120
1408770
1407650
1406460
1403670
1399560
1395910
1385200
1374780
1333820
1321310
1314750
1311110
1310360
1296380
1269610
1261350
1255190
1243860
1235580
1211260
1211150
1197130
1195790
1184080
1181050
1148800
1140980
1102560
1091600
1041180
983580
977010
949730
917970
912970
863330
731350
658220
485100
2296400
2026090
1973210
1821840
1566480
1423310
1116690