201510
252910
283940
301760
316030
316260
318300
331450
333600
338300
339040
340990
348950
352010
353370
353380
375200
377680
383080
385370
391640
402180
402620
404870
405240
407330
417360
420110
431960
432100
434830
451760
459820
459940
467680
467750
469820
475490
483960
508260
510660
523650
530890
533540
535490
545030
547340
557180
559610
560000
562350
571100
575550
581230
585890
588920
596200
602520
603120
603730
611790
616390
616620
618010
618430
630550
635730
638720
639780
639790
642090
644560
644570
648660
648670
649580
654880
657580
660180
661130
665180
668630
669050
678190
680320
685560
686190
695760
696170
701540
701720
711990
712050
712840
714800
716030
716340
716680
723090
726990
738080
748480
751060
751440
752050
754040
758420
758480
765410
765870
765900
767110
767130
778700
782250
790260
790410
791330
795160
795310
795760
798590
799870
800180
802360
802870
803040
807980
810470
811890
812840
814540
816220
817840
822830
822930
823550
823910
825300
825550
828070
844210
849740
851890
852480
857690
859680
860910
864130
865090
865570
867700
868380
868440
868980
872460
878750
879420
879510
880510
880950
883830
884320
885190
885510
885940
887530
888790
889510
889770
890220
890470
891870
892740
896890
899970
904300
907370
914640
916060
917740
920520
921530
921640
921900
925670
927740
927890
928520
930210
931560
935560
936960
937730
939600
939870
942140
942370
942850
943700
944110
944330
944540
944690
946090
946110
946460
946600
947600
947650
948630
948680
948970
950370
950460
950860
953240
953270
955320
955560
956490
956600
957410
957830
958260
958480
958820
959890
960680
961640
963300
963690
965390
965670
965810
966460
966870
967981
969350
972160
973060
973440
973750
975020
975760
978720
979330
981300
981790
986280
988940
991600
993740
995460
997060
997240
997251
997252
997253
997254
998600
998620
998930
998960
998961
998970
1000120
1000140
1000150
1000160
1000170
1000180
1000190
1000200
1000210
1000220
1000230
1000240
1000250
1002610
1003520
1004240
1006250
1006600
1006930
1007350
1008020
1008230
1008710
1010450
1011940
1012030
1012330
1012630
1012810
1012900
1013180
1014730
1015720
1015730
1015770
1017940
1019380
1020210
1021860
1023740
1024800
1025140
1027620
1027900
1027910
1031020
1031170
1031260
1032670
1034140
1034700
1035030
1035120
1035610
1036750
1036970
1039940
1040260
1040860
1041320
1041400
1041670
1042600
1044520
1044620
1045520
1046650
1048000
1051260
1051670
1054470
1055810
1056050
1056240
1056241
1056242
1056243
1056950
1057430
1058530
1060670
1061280
1061490
1063860
1064730
1066160
1066220
1068150
1069390
1069850
1070940
1071330
1071770
1072790
1073440
1074680
1074770
1075980
1078280
1078350
1078370
1081780
1083210
1083420
1083650
1083880
1084630
1085110
1090900
1091300
1091940
1091950
1092000
1092770
1096520
1096720
1096730
1096970
1097370
1097480
1097580
1097880
1099530
1100800
1100970
1101260
1101450
1101580
1102340
1102930
1103240
1103490
1104340
1106060
1106080
1106860
1106940
1108680
1109360
1110640
1110880
1111950
1113680
1113760
1114640
1115420
1115650
1116020
1116210
1116340
1116470
1117380
1117630
1121310
1122040
1122510
1123140
1123190
1123790
1125250
1126240
1126290
1126320
1127390
1127450
1127940
1128670
1128800
1128900
1129010
1129250
1129520
1129540
1132360
1132710
1135680
1135830
1135850
1135980
1136330
1136910
1137250
1137410
1137730
1138080
1138530
1140410
1141100
1142270
1142480
1143381
1143470
1144400
1145040
1146630
1146670
1146950
1147510
1148150
1148260
1148510
1148630
1148980
1149660
1150720
1150730
1150890
1151530
1152100
1153070
1153430
1153830
1154110
1154650
1155720
1155960
1157620
1157640
1157790
1158010
1158320
1159020
1159520
1160740
1161180
1161770
1162170
1163480
1163600
1170320
1170340
1170820
1171270
1172370
1172940
1173280
1173400
1173410
1174690
1175950
1176540
1177380
1177420
1177720
1180330
1181030
1181140
1182970
1184400
1185520
1185660
1186400
1186600
1187620
1189070
1189080
1190600
1191100
1191210
1191420
1192561
1193280
1194840
1195320
1197590
1197770
1198260
1198630
1198730
1198820
1198850
1200520
1200730
1201950
1202280
1202300
1202310
1202640
1202690
1203330
1203420
1204750
1205090
1205240
1205950
1205960
1207780
1208660
1208850
1209330
1209590
1209990
1210110
1211830
1212020
1212040
1212150
1212620
1212690
1212830
1215770
1215820
1216370
1216610
1216660
1217390
1218520
1218690
1220190
1220650
1221080
1222640
1222750
1223580
1223750
1223810
1223870
1224160
1224690
1225870
1226640
1227590
1227600
1231450
1231560
1233710
1233900
1236400
1236480
1236700
1237040
1237220
1237530
1239130
1239580
1241830
1243270
1243420
1245610
1245780
1247700
1247930
1249850
1250180
1250650
1251680
1252560
1252760
1253820
1254500
1254530
1255760
1256610
1256690
1258010
1258340
1259430
1259530
1260390
1260440
1260620
1260670
1260820
1261090
1261500
1262100
1262640
1263160
1263370
1264710
1265170
1267010
1268110
1268500
1268870
1268940
1269010
1269790
1270930
1271190
1271710
1273110
1274940
1275290
1276610
1277880
1277940
1279280
1280010
1280260
1280630
1280640
1281160
1283280
1284300
1284390
1284540
1284690
1285560
1286340
1286600
1287760
1288920
1290290
1291700
1292490
1292690
1294620
1296770
1299120
1299320
1299840
1300160
1300270
1300680
1301870
1302660
1303740
1307080
1307160
1308740
1309000
1309040
1310150
1310910
1312380
1313560
1314630
1315860
1316220
1321550
1322260
1322310
1323620
1325380
1325860
1326000
1327080
1327870
1328000
1328010
1328890
1328920
1330190
1330250
1330720
1332620
1333200
1333350
1333360
1333560
1335200
1336160
1337280
1337590
1341190
1341930
1342040
1342060
1343090
1344110
1344350
1344600
1344610
1345220
1345340
1345360
1346770
1346970
1347430
1347800
1349120
1350250
1350650
1352980
1353360
1353361
1353900
1355370
1357670
1357830
1358250
1358270
1359280
1359470
1360290
1360980
1361180
1361260
1362010
1363910
1367430
1368640
1368920
1371660
1372090
1373150
1374190
1376830
1377300
1378040
1378080
1380620
1381070
1381480
1382530
1382840
1383740
1384630
1386200
1387230
1387290
1389560
1389710
1389810
1390150
1390740
1392760
1393040
1393350
1394100
1394800
1395850
1396050
1398070
1398720
1399370
1399930
1400180
1404680
1405470
1405660
1406020
1407140
1407210
1408260
1409380
1410080
1410360
1412310
1412890
1414660
1416470
1416710
1417270
1418090
1418160
1418330
1418720
1419710
1419730
1419750
1420830
1421320
1422160
1422610
1423080
1426090
1426110
1427140
1427860
1428660
1428700
1429150
1429780
1429860
1431570
1432260
1432330
1433420
1434450
1434480
1434900
1435010
1436600
1436850
1438870
1439840
1441840
1441900
1443820
1444360
1444730
1445090
1446480
1446850
1447310
1448750
1449300
1451200
1455070
1455220
1455530
1456060
1457220
1457810
1459810
1461110
1461230
1461770
1462550
1463570
1464930
1465030
1465170
1466180
1468420
1468430
1468450
1469300
1469910
1470310
1471780
1471940
1471970
1472620
1473810
1474100
1476520
1477460
1477770
1477810
1479110
1479320
1479780
1481080
1485100
1485130
1485190
1485230
1485450
1486060
1487430
1490250
1490410
1492130
1492140
1493730
1494220
1495000
1495570
1496830
1497020
1497940
1498120
1500020
1500100
1502110
1505620
1506250
1506260
1506280
1506450
1506600
1506970
1507220
1507420
1508200
1508570
1508600
1508680
1508890
1509040
1509090
1509340
1510880
1515230
1515450
1517470
1517850
1517960
1518230
1519780
1520060
1520470
1520500
1520840
1521010
1521020
1521321
1521420
1521940
1524910
1525040
1525050
1525460
1525600
1526540
1526900
1527630
1527980
1528000
1528530
1528540
1528550
1528560
1529990
1530660
1531140
1531840
1532770
1533090
1533390
1537290
1537610
1537740
1537800
1538730
1539160
1539510
1543980
1544090
1544500
1546640
1546870
1547000
1547160
1547930
1548600
1549060
1549520
1549830
1551520
1551530
1551540
1551560
1551590
1551600
1551640
1551670
1553640
1554260
1555110
1555910
1555940
1556190
1556770
1560010
1561400
1561520
1563070
1563160
1563430
1563850
1565080
1565860
1566390
1566680
1567080
1567770
1567860
1568940
1569590
1569910
1570530
1571170
1571340
1571630
1571690
1571710
1571820
1572330
1572450
1573060
1573790
1574130
1574140
1574470
1575450
1576500
1576550
1576590
1577420
1578240
1579320
1579920
1580350
1580480
1580950
1581250
1581700
1581780
1582890
1583240
1583650
1584330
1585540
1586710
1588410
1589020
1590430
1590600
1590730
1592840
1592970
1593260
1594010
1594220
1595030
1595290
1596110
1596980
1597280
1597430
1597710
1598300
1601950
1602490
1603900
1604800
1605010
1606270
1607130
1607570
1609160
1610150
1614250
1614840
1615060
1615920
1618230
1619200
1619540
1619750
1621490
1621540
1621750
1622720
1622780
1622810
1624380
1625020
1626640
1626900
1627110
1627680
1628000
1628260
1628760
1629090
1630080
1630130
1630290
1630420
1630650
1631080
1631090
1631210
1631620
1631810
1631860
1632750
1633100
1633200
1633390
1634950
1635030
1636200
1636980
1637070
1639210
1639990
1641010
1642540
1642820
1646560
1646890
1647010
1647940
1648470
1648590
1650110
1650290
1650830
1651460
1652030
1652330
1652530
1653330
1655190
1655250
1655930
1656240
1656640
1658310
1658930
1659940
1660280
1660420
1660860
1660900
1660990
1661000
1661690
1662880
1663440
1666320
1666640
1667110
1667130
1667720
1669970
1673020
1673040
1674180
1674480
1675070
1675500
1676580
1676710
1677180
1677220
1678140
1679140
1679870
1680690
1683170
1683430
1683950
1684170
1684840
1684860
1685850
1685880
1685960
1686960
1687250
1689000
1690030
1690150
1690250
1690660
1691360
1692510
1693640
1694110
1694450
1694960
1695200
1695680
1696240
1697480
1697780
1698030
1698480
1700550
1700940
1701300
1701380
1701660
1702670
1703220
1705520
1706820
1706850
1708470
1709000
1710880
1711490
1711960
1713190
1715910
1717130
1717170
1719310
1719460
1719660
1719800
1720560
1721440
1721460
1722270
1722770
1723930
1724050
1724190
1724320
1724810
1725850
1728820
1729190
1729370
1729600
1730190
1731520
1731720
1732050
1732180
1732640
1732740
1733300
1735240
1736103
1736360
1736840
1737100
1738990
1740470
1740640
1740950
1741040
1741080
1741180
1742350
1742470
1742700
1743190
1743260
1743580
1744670
1745140
1745200
1745310
1745920
1746530
1746650
1748050
1748290
1748620
1749300
1750200
1751480
1753410
1754860
1754870
1755530
1755550
1755880
1756970
1757490
1757750
1757760
1759920
1760080
1760780
1763100
1763170
1764890
1765180
1766420
1767030
1767310
1767740
1767840
1768640
1770140
1770160
1770210
1770380
1770390
1770400
1770460
1770550
1770600
1770830
1770840
1771430
1771700
1772380
1772810
1774970
1775620
1775850
1777390
1777410
1777420
1777840
1778270
1778280
1778290
1778300
1778320
1778330
1778950
1779990
1780470
1783110
1783810
1783960
1785160
1786790
1787070
1787150
1788100
1788380
1789300
1789400
1790720
1791240
1791250
1791850
1793250
1793840
1794170
1794320
1794330
1794470
1794520
1795310
1796060
1796910
1797300
1797790
1799345
1800370
1800430
1801470
1801650
1801890
1802850
1802870
1802980
1804020
1804740
1805220
1805600
1805970
1805980
1806190
1806690
1806940
1807450
1808120
1808240
1808460
1809300
1809530
1809560
1809740
1810500
1811260
1812070
1812710
1812870
1813320
1813430
1813840
1814310
1814630
1815010
1816140
1817310
1820050
1820480
1822040
1822120
1823320
1823380
1823980
1824250
1824630
1825070
1826160
1827450
1827650
1827950
1828970
1830620
1830780
1830910
1831090
1831130
1831260
1831450
1831560
1831990
1832680
1834420
1834470
1834830
1834960
1836230
1836590
1836860
1837230
1838410
1838880
1838881
1839570
1840890
1841250
1841620
1841640
1842330
1844140
1844230
1844580
1845830
1846330
1846920
1847490
1847990
1848270
1849000
1849650
1849890
1850270
1850990
1851000
1852410
1853080
1853560
1853830
1854130
1854140
1854250
1854520
1854800
1854810
1855500
1858500
1858540
1859010
1859500
1859520
1859760
1860860
1861490
1862630
1862660
1863020
1863700
1864460
1865210
1865500
1866310
1866600
1867200
1867400
1868850
1869020
1870310
1871000
1872580
1873000
1873430
1874310
1874720
1874770
1876120
1876470
1879180
1879190
1879670
1880860
1881140
1882700
1883090
1883120
1883200
1883680
1884400
1884430
1885520
1885660
1886390
1886630
1887580
1887630
1888070
1888470
1888560
1889100
1890760
1891550
1891560
1891750
1891900
1892370
1892700
1892910
1894080
1894100
1894150
1894600
1895780
1896170
1896840
1896960
1897120
1897820
1898670
1899170
1899210
1899400
1900130
1900160
1900930
1901120
1901410
1902280
1903360
1905090
1905540
1906350
1909270
1909320
1910420
1912340
1913330
1913720
1914470
1915230
1915340
1916270
1916380
1916480
1917090
1917560
1918480
1918510
1919500
1920040
1920110
1920390
1920400
1920840
1921090
1922030
1924140
1924480
1924550
1924680
1924840
1924990
1925000
1925010
1925030
1925040
1925050
1925060
1925210
1926690
1926730
1926800
1927090
1928360
1928500
1928840
1929080
1930640
1930740
1931600
1931620
1931680
1933650
1933660
1933710
1933720
1934990
1936480
1936490
1938210
1938300
1938370
1938630
1941000
1941840
1943730
1943760
1944020
1944200
1944280
1947460
1947940
1948190
1948450
1948470
1949000
1949440
1949740
1949980
1950460
1951040
1951300
1951540
1951880
1953170
1953540
1953780
1954830
1955650
1956600
1957060
1957130
1958270
1958390
1958810
1959050
1959260
1959310
1959520
1961390
1962890
1964310
1964360
1964470
1965360
1965370
1966780
1967180
1967320
1967450
1968190
1968250
1968610
1968820
1968840
1969960
1970070
1970550
1972470
1972920
1973080
1973580
1974520
1975280
1975340
1976390
1978350
1978610
1981250
1981290
1981500
1981910
1983010
1984230
1985260
1985610
1985620
1985770
1986070
1986230
1986240
1986550
1987220
1987970
1987980
1987990
1988080
1988090
1988100
1988110
1988130
1988140
1988150
1988720
1989940
1990190
1990590
1991480
1991830
1991950
1992370
1992560
1992590
1992640
1994010
1994020
1994040
1994050
1994060
1994070
1994080
1994670
1995580
1995800
1996210
1997410
1997420
1997430
1997440
1997460
1997470
1997480
1997490
1997520
1997560
1998050
1998510
1999010
2000750
2003590
2003600
2004460
2004490
2005640
2007930
2007980
2008010
2010210
2010370
2010460
2011410
2012440
2012620
2013060
2013180
2014910
2015080
2016370
2017010
2017700
2018230
2018350
2018500
2019240
2019680
2020270
2020960
2021520
2022110
2022180
2022220
2022620
2022740
2025060
2025080
2026440
2027360
2027390
2027820
2050080
2051840
2051880
2052460
2053220
2053320
2053940
2054340
2054640
2054690
2055220
2055750
2057710
2058530
2059310
2060080
2060170
2060540
2060730
2060760
2063950
2063960
2063970
2064530
2065180
2065420
2066170
2067750
2068230
2068350
2068360
2068370
2069640
2070830
2071520
2071980
2072400
2072780
2073570
2074320
2074330
2074510
2074890
2074940
2076740
2077020
2077050
2077400
2078360
2078460
2078780
2079160
2079520
2080240
2080280
2080290
2080300
2081630
2082170
2082720
2083060
2084040
2084660
2084820
2085130
2085410
2085640
2086150
2086240
2086730
2086970
2087430
2087440
2087450
2088850
2089120
2089180
2090150
2090810
2090890
2091160
2091550
2093850
2094250
2094440
2094780
2095930
2096150
2096170
2096790
2097540
2097770
2097880
2098760
2099790
2100270
2100540
2101260
2101270
2101560
2102220
2102550
2102610
2102730
2102760
2104060
2104570
2104600
2105110
2105590
2106660
2106850
2108560
2109690
2109860
2109880
2110700
2110740
2111520
2111540
2111710
2111760
2112680
2113000
2113150
2114350
2114810
2115400
2116890
2117510
2118600
2118610
2118680
2119000
2119110
2121100
2121210
2121490
2121620
2121630
2122110
2122360
2122830
2123140
2124870
2125120
2125530
2126490
2126680
2126840
2127010
2127420
2127750
2128750
2129670
2130800
2131500
2131530
2132380
2132410
2134550
2134630
2134860
2135630
2135640
2136690
2136820
2136880
2138150
2138450
2138510
2141600
2142150
2142210
2142710
2142780
2143280
2143500
2143540
2143980
2144560
2144630
2145230
2145750
2146300
2147770
2148230
2148370
2148400
2148610
2148850
2149070
2149280
2149660
2149840
2149850
2150200
2152070
2152090
2152100
2152540
2152940
2154330
2155090
2155600
2155970
2155980
2156290
2156450
2156880
2157680
2158500
2162790
2162810
2162950
2163030
2163060
2163590
2164760
2165550
2166140
2166470
2167110
2167770
2169350
2169420
2169830
2170920
2171720
2171840
2171980
2172110
2172510
2172940
2173730
2173800
2173900
2173910
2173930
2174320
2174500
2175140
2175390
2175530
2175740
2175770
2176270
2176560
2176570
2176790
2177290
2177490
2178090
2178330
2178410
2178490
2178620
2178860
2179300
2179630
2180330
2180550
2180740
2180840
2182450
2182820
2183190
2183310
2184610
2185080
2185730
2186300
2186530
2188630
2188640
2189530
2189630
2190200
2190210
2190290
2190690
2190760
2191020
2191090
2193070
2193650
2194000
2194160
2194510
2194610
2194700
2194800
2194810
2196240
2196420
2197580
2197740
2197950
2198430
2199180
2199270
2199360
2201190
2201230
2201240
2201420
2203030
2203170
2203290
2203590
2203770
2203780
2203790
2203800
2204030
2204600
2205320
2205750
2206130
2206150
2206550
2208360
2208610
2208620
2209860
2210100
2210780
2211090
2211370
2211460
2212590
2212600
2213660
2214120
2214130
2217100
2217210
2217370
2217380
2217810
2217880
2217980
2218210
2218420
2218800
2218930
2218980
2219000
2219120
2219410
2219620
2219800
2219810
2219820
2220110
2220340
2221720
2221840
2222370
2222860
2222870
2222890
2222910
2223800
2224860
2226470
2226700
2227110
2227600
2227620
2227870
2229480
2229570
2229680
2229710
2230210
2231010
2231960
2231970
2232260
2232780
2232790
2232810
2232830
2233600
2233840
2233870
2235250
2235390
2235400
2235610
2235690
2236060
2236900
2237690
2238080
2238230
2238980
2239990
2240000
2243330
2243900
2243920
2243950
2244080
2244110
2244660
2244930
2245030
2245080
2245090
2245270
2245960
2246300
2246850
2247490
2247550
2247610
2247800
2248120
2249210
2250590
2250990
2251040
2251510
2254340
2255000
2255420
2255970
2256780
2257400
2257590
2257720
2258010
2258350
2258580
2258940
2260330
2261050
2261650
2261660
2262110
2262190
2262220
2264730
2264880
2265180
2265210
2265220
2267290
2267370
2267840
2267960
2268610
2269230
2270320
2270530
2270600
2271160
2271170
2271180
2271750
2271980
2272050
2273420
2273490
2274120
2274460
2274530
2274870
2274980
2275560
2275710
2276690
2277050
2277070
2277570
2277580
2277840
2278220
2278780
2278910
2279350
2279510
2279560
2279620
2280480
2280520
2282810
2283060
2283460
2283780
2283860
2283930
2285120
2285340
2285350
2287600
2287650
2287710
2287960
2287980
2288080
2288480
2288660
2289720
2289960
2291680
2291690
2291810
2292590
2293010
2293820
2294080
2294540
2294730
2295110
2296270
2296590
2298280
2298590
2298610
2298730
2299130
2299700
2299710
2299990
2300660
2300730
2300850
2300920
2301480
2302510
2303410
2303800
2303810
2304160
2304180
2304490
2304710
2305030
2305760
2306100
2307120
2307220
2307250
2307300
2307950
2308400
2308790
2308870
2310680
2310870
2311090
2311290
2311640
2311810
2311820
2313140
2313570
2313670
2314650
2315610
2315680
2315830
2316400
2316410
2317760
2318430
2319220
2319370
2319830
2321790
2321860
2322280
2323300
2323710
2324360
2324960
2325640
2325750
2326670
2326780
2326790
2326840
2327780
2327790
2327800
2327810
2327820
2328090
2328290
2328670
2328740
2330610
2330840
2331950
2331960
2331970
2332550
2332660
2333090
2333400
2334130
2334210
2334510
2336100
2337060
2337090
2337850
2338000
2338280
2338510
2340160
2341680
2342120
2342430
2343460
2344040
2344950
2345110
2345250
2345770
2345820
2346370
2346530
2347760
2348120
2348130
2348290
2348680
2348740
2348820
2349280
2350370
2350380
2350390
2350430
2350660
2350720
2351020
2351080
2351090
2351810
2351970
2352500
2352540
2352790
2352890
2353220
2353700
2353850
2354300
2354520
2355080
2355140
2355260
2355530
2355670
2355950
2356060
2356180
2356470
2357230
2358100
2358490
2358500
2359510
2360260
2361900
2362560
2363330
2363580
2363950
2364810
2365090
2365140
2365670
2366700
2366760
2367680
2368280
2369400
2370580
2370740
2370750
2370980
2371820
2371910
2372360
2372380
2373290
2373340
2373600
2373830
2374350
2374360
2374520
2377240
2377420
2377530
2377860
2378000
2378320
2378540
2378840
2379360
2379770
2380410
2380450
2380760
2381050
2382210
2382650
2382700
2383270
2383360
2383900
2384240
2384600
2385140
2385320
2385380
2386750
2387380
2387590
2387780
2387790
2388430
2389310
2390580
2391450
2391780
2391840
2392240
2393140
2393820
2394400
2395120
2395630
2396740
2397900
2398410
2398590
2399670
2401040
2401460
2402980
2403000
2403180
2403220
2403270
2404390
2404530
2404540
2404820
2405690
2405910
2406080
2406200
2406300
2407070
2407310
2407350
2409130
2409420
2409780
2409890
2409970
2410780
2410870
2412100
2412140
2412150
2413090
2413210
2413570
2413720
2413820
2414260
2414440
2414800
2414920
2415240
2415470
2415480
2417100
2417150
2417970
2418120
2418140
2418190
2418330
2419420
2419800
2420460
2420520
2420530
2420590
2421780
2421800
2421820
2423480
2424320
2424440
2424810
2425310
2425720
2425770
2426310
2426830
2428490
2428660
2429070
2429870
2430260
2430420
2431030
2431110
2431500
2432040
2432670
2432780
2434160
2434580
2434670
2435560
2437750
2439570
2439620
2440200
2440270
2442100
2442390
2442400
2442410
2442530
2443550
2443560
2444230
2444540
2444620
2445130
2445340
2445900
2446340
2446960
2447610
2448130
2448140
2449400
2449710
2450110
2450120
2450130
2450530
2450600
2450660
2451630
2452420
2453580
2454430
2454570
2455020
2455660
2457630
2458210
2458330
2458490
2458860
2459350
2460000
2460460
2460570
2464120
2464260
2464500
2464700
2464890
2467220
2467250
2468300
2468390
2469030
2469240
2469290
2470020
2470130
2470860
2471650
2471920
2473000
2473500
2474610
2474830
2475270
2475780
2476050
2476750
2476900
2477310
2477590
2478810
2479010
2480200
2480830
2481790
2481870
2482460
2483290
2483580
2483830
2483970
2485270
2485860
2485870
2486020
2486030
2486590
2486880
2487120
2487130
2487560
2488050
2489850
2490510
2491300
2492620
2492780
2493220
2494280
2494830
2495450
2495570
2496490
2496640
2497170
2497280
2497930
2498450
2498940
2499670
2499680
2499910
2500130
2502600
2502980
2505400
2505580
2505740
2507830
2508310
2508400
2511030
2511120
2512200
2512290
2512370
2512740
2513080
2514600
2514850
2514920
2514940
2515180
2515920
2516030
2516040
2516050
2516590
2516730
2516850
2517340
2518330
2519310
2519380
2520110
2520190
2520590
2520930
2521110
2522880
2523550
2523630
2525230
2525420
2527690
2528120
2528860
2528900
2529820
2529930
2530690
2530710
2530730
2531530
2532040
2533050
2533660
2533830
2533910
2533950
2535420
2535480
2536490
2537220
2537450
2538080
2538370
2539120
2539230
2540230
2540950
2543110
2543370
2543530
2543970
2544010
2544020
2544090
2545010
2547980
2548010
2549200
2549760
2549960
2550020
2550030
2550140
2550170
2550760
2551000
2551290
2551690
2552100
2553600
2553870
2553900
2558750
2559630
2559840
2559930
2560640
2560650
2560670
2560790
2562550
2564040
2564100
2564330
2566350
2567510
2567520
2567700
2567710
2568540
2569170
2569500
2570140
2571900
2572150
2572870
2573050
2573080
2573090
2573100
2573240
2573950
2573960
2574800
2575040
2575840
2576350
2578240
2578360
2578880
2578980
2579140
2579380
2579470
2579970
2580130
2580180
2582730
2583430
2583550
2585160
2585280
2585720
2587390
2587890
2588580
2588590
2589730
2590020
2590500
2591500
2593510
2593710
2593850
2593940
2595640
2595970
2597580
2597590
2598300
2602070
2602570
2602730
2602760
2603090
2603100
2604690
2608150
2608620
2610080
2610340
2611150
2614170
2614180
2614320
2615740
2618840
2620640
2623540
2623750
2624760
2626740
2628820
2629120
2630260
2631320
2632510
2635760
2637860